version https://git-lfs.github.com/spec/v1
oid sha256:79e312f71ea8b799b688fa300461dd55ad651bfbbca7fa0f225b6319927d7fd2
size 16827
